256853 249691 241708
257347 249654 242178
256715 249414 243109
256331 249647 242931
256414 249509 243192
255273 249543 242655
255505 249671 242430
256361 249498 243011
255792 249542 242098
258067 249381 241974
257760 249822 242218
257297 250010 242638
257154 250259 243488
257835 250186 243187
257830 250262 244203
258755 250506 245267
257000 250250 244985
255670 249702 243653
254964 249727 243970
255317 249567 242724
255345 249830 242890
256125 250048 244165
257799 249947 243697
254489 249679 244304
255097 249452 243217
257072 249429 243289
255760 249526 240957
256865 249620 244535
257961 249437 243176
257598 250000 243920
258309 249149 244386
257815 249116 243402
257504 249130 243867
258632 249198 243685
258225 248980 242847
255011 248880 243821
254928 249250 244880
254824 249221 243825
255888 249210 244344
254830 249109 243449
254981 248945 244086
253917 248700 242999
254348 249107 244485
255217 249475 244553
254897 248979 243927
254278 249068 244709
254974 249138 243816
255170 249195 243839
253544 249292 244028
254310 249127 244210
255912 249061 243598
256213 249269 242271
255900 249606 241972
256571 249320 242893
255716 248921 242434
255281 249128 242482
255241 249153 242675
256010 249389 242843
254413 248899 242382
254802 248707 241056
254141 249078 242314
254854 249283 243911
255360 249343 244139
254974 249195 243639
254676 249340 244456
255118 249504 242718
254987 249301 243545
255638 249295 243765
258771 249410 243942
258613 249698 243639
257952 249565 241827
257724 249629 242409
256023 250020 244644
256063 250111 244746
257013 250391 245976
255790 250061 241895
258510 249925 241301
256606 249927 242762
257004 250231 242833
260030 250552 245661
257481 250095 242237
258632 250441 244283
258985 250202 243493
255404 250156 243843
255204 250442 244205
255760 250297 243494
257528 250485 242079
256766 250560 243333
256816 250449 243514
257137 250287 242439
257404 250136 241831
255857 249917 242370
254684 250112 245113
256403 250259 244229
255255 250260 244939
254876 249966 244169
255114 250139 246043
255037 250255 245383
255066 250622 246036
256648 250864 245125
256104 251067 244940
