257177 249067 241792
257146 252315 246165
258987 254782 249106
261855 256796 252219
262738 258312 254089
263461 259986 257023
264264 261500 258540
265130 262486 260060
266498 263562 261385
267040 264428 262409
267857 265221 262694
268531 265952 263706
269566 267044 264084
270439 267983 265675
271033 268792 266131
271705 269482 267209
272314 270195 267301
272976 270855 269044
273795 271300 268637
274253 272040 270109
274767 272672 270584
275158 273024 271380
276174 273766 271039
276096 274309 272404
277654 274774 272597
277792 275295 273037
277982 275938 273505
280262 276452 273575
279216 277120 275578
280256 277509 275301
280640 278232 275350
281793 278979 276711
281962 279444 276631
281740 279942 278105
282620 280301 277520
282976 280730 278539
284446 281088 278744
284152 281503 278968
284033 282037 279319
285412 282614 280068
285722 282787 280560
285161 283066 280750
285250 283375 281329
285247 280651 0
285929 283833 280588
287082 281225 0
286918 281738 0
287688 285071 282450
287736 277041 0
288406 280354 0
287995 286170 282884
289057 275129 0
289310 284025 0
290239 278560 0
289808 273261 0
289627 287865 286101
290084 282279 0
290730 288213 286170
290433 285454 0
291011 285861 0
291052 274564 0
291388 286348 0
291923 280788 0
291559 289552 287239
292122 283925 0
293110 290112 287839
292143 287651 0
293376 276145 0
293941 284990 0
293951 276536 0
293208 262055 0
293262 291267 288407
293418 282713 0
293313 276929 0
293032 285764 0
293443 279924 0
293587 288684 0
293648 282882 0
293992 291745 290091
293674 283092 0
293684 289028 0
294133 280363 0
294136 289062 0
294249 289099 0
295093 292115 289909
294532 280727 0
294646 286930 0
295449 281169 0
294914 278262 0
295306 284201 0
295052 290241 0
295826 284342 0
295239 281732 0
295871 272994 0
295481 278924 0
295384 273212 0
296285 279036 0
295678 267204 0
295967 270162 0
296169 290714 0
295910 290798 0
