1001111011110011011110110011110111000111011001111011000011001100000101010011100101100100100010110110,0.682338
1001111011110011011110110011110111000111011001111011000011001100000101010011100101100100101010110110,0.682338
1001111011110011011110110011110111000111011001111011000011001100000101010011100101100100100010110110,0.682338
1001111011110011011110110011110111000111011001111011000011001100000101010011100101100100100010110110,0.682338
1001111011110011011110110011110111000111011001111011000011001100000101010011100101100100100010110110,0.682338
1001111011110011011110110011110111000111011001111011000011001100000101010011100101100100100010110110,0.682338
1001111011110011011110110011110111000111011001111011000011001100000111010011100101100100101010110110,0.682338
1001111011110011011110110011110111000111011001111011000011001100000101010011100101100100100010110110,0.682338
1001111011110011011110110011110111000111011001111011000011001100000101010011100101100100100010110110,0.682338
1001111011110011011110110011110111000111011001111011000011001100000101010011100101100100100010110110,0.682338
1001111011110011011110110011110111000111011001111011000011001100000101010011100101100100100010110110,0.682338
1001111011110011011110110011110111000111011001111011000011001100000101010011100101100100100010110110,0.682338
1001111011110011011110110011110111000111011001111011000011001100000101110010100101100100100010110110,0.682338
1001111011110011011110110011110111000111011001111011000011001100000101010011100101100100100010110110,0.682338
1001111011110011011110110011110111000111011001111011000011001100000101110010100101100100100010110110,0.682338
1001111011110011011100110011110111000111011001111011000011001100000101010011100101100100100010110110,0.682338
1001111011110011011110110011110111000111011001111011000011001100000101010011100101100100100010110110,0.682338
1001111011110011011110110011110111000111011001111011000011001100000101010011100101100100100010110110,0.682338
1001111011110011011110110011110111000111011001111011000011001100000101010011100101100100100010110110,0.682338
1001111011110011011110110011110111000111011001111011000011001100000101010011100101100100100010110110,0.682338
1001111011110111011110110011110111000011011001110011000011001100000101011011100101100100100010110110,0.0913118
1001111011110011011110110111110111000111011001111011000011001100000101010011100101100100100010110110,0.514091
1001111011110111010110110011110111010111011001111011000011001100000101010011100101100100101010110110,0.0391254
1001111011110011011110110011110111000111011001111011000011001100000101110010100101100100100010110110,0.682338
1001111011110011001100110011110101000111011001111011000011001100000101010011100101100100100010110110,0.657065
1001111011110011011110110011110111000111011001111111000011001100000101010011100101100100100010110111,0.680828
1001111011110111011110110011110111001111011001111011000011001100000101010011100101100100101010110110,0.0340038
1001111011110011011010110011110111000111011001111011000011001100000101110010100101000100100010110110,0.235307
1101111011110011011110110011110111100111011001111011000011001100000101010011100101110100100010110110,0.0563741
1001111011110011011110110011110111000111011001111011000011001100000101010011100101110100101010110110,0.677119
1001111011110011011110110011110111000111011001111011000011001100000101011011100101100100100010110110,0.66793
1001111011110011011110110011110111000111011001111011000011001100000101010011100101110100100010110110,0.677119
1001111011110011011110110011110111000111111001111011010001001100000101010011000101100100100010110110,0.00360424
1001111011110011011100110011110111000111011001111011000011001100000101010011100101100100100010110110,0.682338
1001111011110011011110110011110111000111011001111011000011001100000101010011100101100100100010110110,0.682338
1001111011110011011110110011110111000111011001111011000011001100000101010011100101100100100010110110,0.682338
1001111011110011011110110011110111000111011001111011001011001100000101010011100101100100100010110110,0.620529
1001111011110011011110110011010111000111011001111011000011001100000101010011100101100100100010110110,0.677002
1001111011110011011110110011110111000111011001111011000011001100000101010011100101100100100010110110,0.682338
1001111011110011011100110011110101000111011001111001010011001100000101010011100101100100100010110110,0.428514
1001111011110011011110110011110111000111011001111011000011001100000101010011100101100100101010110110,0.682338
1001111011110011011110110011110111000111011001111011000011001100000101010011100101100100100011110110,0.533247
1001111011110011011110110011110111000111011001111011000011001100000101010011100101100100100010110110,0.682338
1001111011110011011110110011110111000111011001111011000011001100000101010011100101100100100010110110,0.682338
1001111011110011011110110011110111000111011001111011000011001100000101010011100101100100001010110110,0.681311
1001111011110011011100110011110111000111011001111011000011001100000101010011100101100100100010110110,0.682338
1001111011110011011110110011110111000111011001111010000011011100000001010011100101100100100010110110,0.370773
1001111011110011011110110011110111000111011001111011000011101100000101010011100101100100100010110110,0.682242
1001111011110011011110110011110111000111011001111011000011001100000101010011100101100100101010110110,0.682338
1001111011110011011110110011110111000111011001111010000011001100000101010011100101100100100010110110,0.346619
1001111011110011011110110010110111000111011001111011000011001100000101010011100101100100100010110010,0.682102
1001111011110011011110110111110111000111011001111011000001001100000101010011100101100110100010110110,0.54066
1001111011110011011100110011110111000111011001111011000011001100000101010011100101100100100010110110,0.682338
1001111011110011011110110011110111000111011001111011000011001100000101010011100101100100100010110110,0.682338
1001111001110111011010110011110111000111011001111011000011001100000101010011100001000100100010110110,0.0458571
1001111011110011011010111011110111000111011001111011000011001100000101010011100101100100100010110110,0.350227
1001111011110011011110110011110111000111011001111011000011001100000101010011100101100100101010110110,0.682338
1001111011110001011110110011110111000111011001111011000011001100000101010011100101100100100010110110,0.402892
0001111011110011011110110011110111000111011001111011000011001100000101010011100101100000100010110110,0.514091
1001111011110011011110110011110111000111011001111111000011001100000101010011100101100100100010110110,0.682335
1001101011110011011110110011110111001111011001111011000011001100000101010011100101100100101010110110,0.653658
1000111011110011011110110011110111000111011011111011000001001100000101110010100101100100100010110110,0.675673
1001111011110011011110110011110111000111011001111011000001001100000101010011100101100100100010110110,0.682338
1001111011110011011110110011110011000111011001111011000011001100000111010011100101100100101010110110,0.491124
1001111011110011011110110011110111000111011001111011000011001100000101010001100111100100100010110110,0.0126719
1001111011110011011110110011110111000111011001111011000011001100000101010011100101100100100010110110,0.682338
1001111011110011011110110011110111000111011001111011000011001100000101010011100011100100100010110110,0.226242
1001111011110011011110110011110111000110011001111011000011001100100101010011100101100100100010110110,0.655393
1001111011110011011110110011110111000111011001111011000011101100000101010011100101100100100010111110,0.666265
1001111011110011011110110011111111000111011001111011000011001100000101010010100101100100100010110110,0.0692997
1001111011110011011110110011110111000111011001111011100011001100000101010011100101100100100010110110,0.379877
1001111011110011011110110011110111000111011001111011000011001100000101010111100101100100100010110110,0.645221
1001111011110011011100110011110111000111011001111011000011001100000101010011100101100100100010010110,0.319779
1001111011110011011100110011110111000111011001111011000011001100000101010011100101100100100010110110,0.682338
1001111011110011011110110011110111000111011001111011000011001100000101010111100101100100000010110110,0.657463
1001111011110011011110110011110111000111011001111011000011001100000101010011100101100100100010110110,0.682338
1001111011110011011110110011110110000111011001111011000011001100000111010011100101100100101010110110,0.661787
1001111011110011011110110011110111000111011001111011000011001100000101010011100101110100100010110110,0.677119
1001111011110011011110110011110111000111011001111011000011001100000101110010100101100100100010110110,0.682338
1001111011110011011110110011110111000111011001111011000011001100000111010011100101000100101010110110,0.208535
1001111011110011011110110011110111000111011000110011000111001100000101010011100101100100101010110110,0.610983
1001111011110011011110110111110111000111011001111011000011001100000101010011100101100100100010110110,0.514091
1001111011110011011110110011110111000101011001111011000011001100000101010011100101100100100010010110,0.331654
1001111011110011011110110011110111000111011001111011000011001100000101010011100101100100101000110111,0.54479
1001111011110011011110110011110111000111011001111011000011001100000101010011100101100100100010110110,0.682338
1001111011110011011110110011110111000111011001111011000011001100000101010011100101100100100010110110,0.682338
1001111011110011011110110011110111000111011001111011010011001100000111010011100101100100101010110110,0.525308
1001111011110011011110110011110111000111011001111011000011001100000101110010100101100100100010110110,0.682338
1001111011110011011110110011110111000111011001111011000011001100000100010011100101100100100010110110,0.682337
1001111011110011011110110011110111000111011001111011000001001100000101010011100101101100100010110110,0.682104
1001111011110011011110110011110111000111011001111011000011001100000101010011100101100100100010110110,0.682338
1001111011110011011110110011110111000111111001111011000011001100000101110010100101100100100010110110,0.030802
1001111011110011011110110011110111000111011001110011000011001100000101010011100101100100100011110110,0.53907
1001111011110011011110110011110111000111011001111011010011001100000101010011100101100100110010110110,0.533586
1001111011110011011110110011110111000111011001111011000011001100000101010011100101100100100010110110,0.682338
1001111011110011011110110011110111000111011001111011000011001100000101010011100101100100101010110110,0.682338
1011111011110011011110110011110111000111011001111011000011001100000111010011100101100100101010110110,0.0402409
1001111011110011011110111011110111000111011001110011000011001100000101010011100101100100100010110110,0.315056
1001111011110011011110110011110111000111010001111011000011001100100101010011100101100100100010110110,0.293446
1001111011010011011110110011110111000011011001111011000011001100000101010011100101110100000010110110,0.477339
